0 0 0 0 0 0 0 0 0 0 0 0 0 0 0 0 0 0 0 0 0 0 0 0 0 0 0 0 0 0 0 0 0 0 0 0 0 0 0 0 0 0 0 0 0 0 0 0 0 0 0 0 0 0 0 0 0 0 0 0 0 0 0 0 0 0 0 0 0 0 0 0 0 0 0 0 0 0 0 0 0 0 0 0 0 0 0 0 0 0 0 0 0 0 0 0 0 0 0 0 0 0 0 0 0 0 0 0 0 0 0 0 0 0 0 0 0 0 0 0 0 0 0 0 0 0 0 0 0 0 0 0 0 0 0 0 0 0 0 0 0 0 0 0 0 0 0 0 0 0 0 0 0 0 0 0 0 0 0 0 0 0 0 0 0 0 0 0 0 0 0 0 0 0 0 0 0 0 0 0 0 0 0 0 0 0 0 0 0 0 0 0 0 0 0 0 0 0 0 0 0 0 0 0 0 0 0 0 0 0 0 0 0 0 0 0 0 0 0 0 0 0 0 0 0 0 0 0 0 0 0 0 0 0 0 0 0 0 0 0 0 0 0 0 0 0 0 0 0 0 0 0 0 0 0 
0 500 500 500 500 500 280.6 280.186 279.186 278.772 278.357 277.943 277.529 277.115 276.701 276.286 275.872 275.458 275.044 274.63 274.215 273.801 273.387 272.973 272.558 272.144 271.73 271.316 270.902 270.487 270.073 269.659 269.245 268.831 268.416 268.002 267.588 267.174 266.759 266.345 265.931 265.517 265.103 264.688 264.274 263.86 263.446 263.032 262.617 262.203 261.789 261.375 260.96 260.546 260.132 259.718 259.304 258.889 258.475 258.061 257.647 257.233 256.818 256.404 255.99 255.576 255.161 254.747 254.333 253.919 253.505 253.09 252.676 252.262 251.848 251.434 251.019 250.605 250.191 249.777 249.362 248.948 248.534 248.12 247.706 247.291 246.877 246.463 246.049 245.635 245.22 244.806 244.392 243.978 243.563 243.149 242.735 242.321 241.907 241.492 241.078 240.664 240.25 239.836 239.421 239.007 238.593 238.179 237.765 237.35 236.936 236.522 236.108 235.693 235.279 234.865 234.451 234.037 233.622 233.208 232.794 232.38 231.966 231.551 231.137 230.723 230.309 229.894 229.48 229.066 228.652 228.238 227.823 227.409 226.995 226.581 226.167 225.752 225.338 224.924 224.51 224.095 223.681 223.267 222.853 222.439 222.024 221.61 221.196 220.782 220.368 219.953 219.539 219.125 218.125 217.711 217.296 216.882 216.468 216.054 215.64 215.225 214.811 214.397 213.983 213.569 213.154 212.74 212.326 211.912 211.497 211.083 210.669 210.255 209.841 209.426 209.012 208.598 208.184 207.77 207.355 206.941 206.527 206.113 205.698 205.284 204.87 204.456 204.042 203.627 203.213 202.799 202.385 201.971 201.556 201.142 200.728 200.314 199.899 199.485 199.071 198.657 198.243 197.828 197.414 500 197.414 197.828 198.243 198.657 199.071 199.485 199.899 200.314 200.728 201.142 201.556 201.971 202.385 202.799 203.213 203.627 204.042 204.456 204.87 205.284 205.698 206.113 206.527 206.941 207.355 207.77 208.184 208.598 209.012 209.426 209.841 210.255 210.669 211.083 211.497 211.912 212.326 212.74 213.154 213.569 213.983 214.397 214.811 215.225 215.64 216.054 216.468 216.882 217.296 
0 285.186 284.186 283.186 282.186 281.186 280.186 279.186 278.186 277.772 277.357 276.943 276.529 276.115 275.701 275.286 274.872 274.458 274.044 273.63 273.215 272.801 272.387 271.973 271.558 271.144 270.73 270.316 269.902 269.487 269.073 268.659 268.245 267.831 267.416 267.002 266.588 266.174 265.759 265.345 264.931 264.517 264.103 263.688 263.274 262.86 262.446 262.032 261.617 261.203 260.789 260.375 259.96 259.546 259.132 258.718 258.304 257.889 257.475 257.061 256.647 256.233 255.818 255.404 254.99 254.576 254.161 253.747 253.333 252.919 252.505 252.09 251.676 251.262 250.848 250.434 250.019 249.605 249.191 248.777 248.362 247.948 247.534 247.12 246.706 246.291 245.877 245.463 245.049 244.635 244.22 243.806 243.392 242.978 242.563 242.149 241.735 241.321 240.907 240.492 240.078 239.664 239.25 238.836 238.421 238.007 237.593 237.179 236.765 236.35 235.936 235.522 235.108 234.693 234.279 233.865 233.451 233.037 232.622 232.208 231.794 231.38 230.966 230.551 230.137 229.723 229.309 228.894 228.48 228.066 227.652 227.238 226.823 226.409 225.995 225.581 225.167 224.752 224.338 223.924 223.51 223.095 222.681 222.267 221.853 221.439 221.024 220.61 220.196 219.782 219.368 218.953 218.539 218.125 217.125 216.711 216.296 215.882 215.468 215.054 214.64 214.225 213.811 213.397 212.983 212.569 212.154 211.74 211.326 210.912 210.497 210.083 209.669 209.255 208.841 208.426 208.012 207.598 207.184 206.77 206.355 205.941 205.527 205.113 204.698 204.284 203.87 203.456 203.042 202.627 202.213 201.799 201.385 200.971 200.556 200.142 199.728 199.314 198.899 198.485 198.071 197.657 197.243 196.828 196.414 500 196.414 196.828 197.243 197.657 198.071 198.485 198.899 199.314 199.728 200.142 200.556 200.971 201.385 201.799 202.213 202.627 203.042 203.456 203.87 204.284 204.698 205.113 205.527 205.941 206.355 206.77 207.184 207.598 208.012 208.426 208.841 209.255 209.669 210.083 210.497 210.912 211.326 211.74 212.154 212.569 212.983 213.397 213.811 214.225 214.64 215.054 215.468 215.882 216.296 
0 284.772 283.772 282.772 281.772 280.772 279.772 278.772 277.772 276.772 276.357 275.943 275.529 275.115 274.701 274.286 273.872 273.458 273.044 272.63 272.215 271.801 271.387 270.973 270.558 270.144 269.73 269.316 268.902 268.487 268.073 267.659 267.245 266.831 266.416 266.002 265.588 265.174 264.759 264.345 263.931 263.517 263.103 262.688 262.274 261.86 261.446 261.032 260.617 260.203 259.789 259.375 258.96 258.546 258.132 257.718 257.304 256.889 256.475 256.061 255.647 255.233 254.818 254.404 253.99 253.576 253.161 252.747 252.333 251.919 251.505 251.09 250.676 250.262 249.848 249.434 249.019 248.605 248.191 247.777 247.362 246.948 246.534 246.12 245.706 245.291 244.877 244.463 244.049 243.635 243.22 242.806 242.392 241.978 241.563 241.149 240.735 240.321 239.907 239.492 239.078 238.664 238.25 237.836 237.421 237.007 236.593 236.179 235.765 235.35 234.936 234.522 234.108 233.693 233.279 232.865 232.451 232.037 231.622 231.208 230.794 230.38 229.966 229.551 229.137 228.723 228.309 227.894 227.48 227.066 226.652 226.238 225.823 225.409 224.995 224.581 224.167 223.752 223.338 222.924 222.51 222.095 221.681 221.267 220.853 220.439 220.024 219.61 219.196 218.782 218.368 217.953 217.539 217.125 216.125 215.711 215.296 214.882 214.468 214.054 213.64 213.225 212.811 212.397 211.983 211.569 211.154 210.74 210.326 209.912 209.497 209.083 208.669 208.255 207.841 207.426 207.012 206.598 206.184 205.77 205.355 204.941 204.527 204.113 203.698 203.284 202.87 202.456 202.042 201.627 201.213 200.799 200.385 199.971 199.556 199.142 198.728 198.314 197.899 197.485 197.071 196.657 196.243 195.828 195.414 500 195.414 195.828 196.243 196.657 197.071 197.485 197.899 198.314 198.728 199.142 199.556 199.971 200.385 200.799 201.213 201.627 202.042 202.456 202.87 203.284 203.698 204.113 204.527 204.941 205.355 205.77 206.184 206.598 207.012 207.426 207.841 208.255 208.669 209.083 209.497 209.912 210.326 210.74 211.154 211.569 211.983 212.397 212.811 213.225 213.64 214.054 214.468 214.882 215.296 
0 284.357 283.357 282.357 281.357 280.357 279.357 278.357 277.357 276.357 275.357 274.943 274.529 274.115 273.701 273.286 272.872 272.458 272.044 271.63 271.215 270.801 270.387 269.973 269.558 269.144 268.73 268.316 267.902 267.487 267.073 266.659 266.245 265.831 265.416 265.002 264.588 264.174 263.759 263.345 262.931 262.517 262.103 261.688 261.274 260.86 260.446 260.032 259.617 259.203 258.789 258.375 257.96 257.546 257.132 256.718 256.304 255.889 255.475 255.061 254.647 254.233 253.818 253.404 252.99 252.576 252.161 251.747 251.333 250.919 250.505 250.09 249.676 249.262 248.848 248.434 248.019 247.605 247.191 246.777 246.362 245.948 245.534 245.12 244.706 244.291 243.877 243.463 243.049 242.635 242.22 241.806 241.392 240.978 240.563 240.149 239.735 239.321 238.907 238.492 238.078 237.664 237.25 236.836 236.421 236.007 235.593 235.179 234.765 234.35 233.936 233.522 233.108 232.693 232.279 231.865 231.451 231.037 230.622 230.208 229.794 229.38 228.966 228.551 228.137 227.723 227.309 226.894 226.48 226.066 225.652 225.238 224.823 224.409 223.995 223.581 223.167 222.752 222.338 221.924 221.51 221.095 220.681 220.267 219.853 219.439 219.024 218.61 218.196 217.782 217.368 216.953 216.539 216.125 215.125 214.711 214.296 213.882 213.468 213.054 212.64 212.225 211.811 211.397 210.983 210.569 210.154 209.74 209.326 208.912 208.497 208.083 207.669 207.255 206.841 206.426 206.012 205.598 205.184 204.77 204.355 203.941 203.527 203.113 202.698 202.284 201.87 201.456 201.042 200.627 200.213 199.799 199.385 198.971 198.556 198.142 197.728 197.314 196.899 196.485 196.071 195.657 195.243 194.828 194.414 500 194.414 194.828 195.243 195.657 196.071 196.485 196.899 197.314 197.728 198.142 198.556 198.971 199.385 199.799 200.213 200.627 201.042 201.456 201.87 202.284 202.698 203.113 203.527 203.941 204.355 204.77 205.184 205.598 206.012 206.426 206.841 207.255 207.669 208.083 208.497 208.912 209.326 209.74 210.154 210.569 210.983 211.397 211.811 212.225 212.64 213.054 213.468 213.882 214.296 
0 283.943 282.943 281.943 280.943 279.943 278.943 277.943 276.943 275.943 274.943 273.943 273.529 273.115 272.701 272.286 271.872 271.458 271.044 270.63 270.215 269.801 269.387 268.973 268.558 268.144 267.73 267.316 266.902 266.487 266.073 265.659 265.245 264.831 264.416 264.002 263.588 263.174 262.759 262.345 261.931 261.517 261.103 260.688 260.274 259.86 259.446 259.032 258.617 258.203 257.789 257.375 256.96 256.546 256.132 255.718 255.304 254.889 254.475 254.061 253.647 253.233 252.818 252.404 251.99 251.576 251.161 250.747 250.333 249.919 249.505 249.09 248.676 248.262 247.848 247.434 247.019 246.605 246.191 245.777 245.362 244.948 244.534 244.12 243.706 243.291 242.877 242.463 242.049 241.635 241.22 240.806 240.392 239.978 239.563 239.149 238.735 238.321 237.907 237.492 237.078 236.664 236.25 235.836 235.421 235.007 234.593 234.179 233.765 233.35 232.936 232.522 232.108 231.693 231.279 230.865 230.451 230.037 229.622 229.208 228.794 228.38 227.966 227.551 227.137 226.723 226.309 225.894 225.48 225.066 224.652 224.238 223.823 223.409 222.995 222.581 222.167 221.752 221.338 220.924 220.51 220.095 219.681 219.267 218.853 218.439 218.024 217.61 217.196 216.782 216.368 215.953 215.539 215.125 214.125 213.711 213.296 212.882 212.468 212.054 211.64 211.225 210.811 210.397 209.983 209.569 209.154 208.74 208.326 207.912 207.497 207.083 206.669 206.255 205.841 205.426 205.012 204.598 204.184 203.77 203.355 202.941 202.527 202.113 201.698 201.284 200.87 200.456 200.042 199.627 199.213 198.799 198.385 197.971 197.556 197.142 196.728 196.314 195.899 195.485 195.071 194.657 194.243 193.828 193.414 500 193.414 193.828 194.243 194.657 195.071 195.485 195.899 196.314 196.728 197.142 197.556 197.971 198.385 198.799 199.213 199.627 200.042 200.456 200.87 201.284 201.698 202.113 202.527 202.941 203.355 203.77 204.184 204.598 205.012 205.426 205.841 206.255 206.669 207.083 207.497 207.912 208.326 208.74 209.154 209.569 209.983 210.397 210.811 211.225 211.64 212.054 212.468 212.882 213.296 
0 283.529 282.529 281.529 280.529 279.529 278.529 277.529 276.529 275.529 274.529 273.529 272.529 272.115 271.701 271.286 270.872 270.458 270.044 269.63 269.215 268.801 268.387 267.973 267.558 267.144 266.73 266.316 265.902 265.487 265.073 264.659 264.245 263.831 263.416 263.002 262.588 262.174 261.759 261.345 260.931 260.517 260.103 259.688 259.274 258.86 258.446 258.032 257.617 257.203 256.789 256.375 255.96 255.546 255.132 254.718 254.304 253.889 253.475 253.061 252.647 252.233 251.818 251.404 250.99 250.576 250.161 249.747 249.333 248.919 248.505 248.09 247.676 247.262 246.848 246.434 246.019 245.605 245.191 244.777 244.362 243.948 243.534 243.12 242.706 242.291 241.877 241.463 241.049 240.635 240.22 239.806 239.392 238.978 238.563 238.149 237.735 237.321 236.907 236.492 236.078 235.664 235.25 234.836 234.421 234.007 233.593 233.179 232.765 232.35 231.936 231.522 231.108 230.693 230.279 229.865 229.451 229.037 228.622 228.208 227.794 227.38 226.966 226.551 226.137 225.723 225.309 224.894 224.48 224.066 223.652 223.238 222.823 222.409 221.995 221.581 221.167 220.752 220.338 219.924 219.51 219.095 218.681 218.267 217.853 217.439 217.024 216.61 216.196 215.782 215.368 214.953 214.539 214.125 213.125 212.711 212.296 211.882 211.468 211.054 210.64 210.225 209.811 209.397 208.983 208.569 208.154 207.74 207.326 206.912 206.497 206.083 205.669 205.255 204.841 204.426 204.012 203.598 203.184 202.77 202.355 201.941 201.527 201.113 200.698 200.284 199.87 199.456 199.042 198.627 198.213 197.799 197.385 196.971 196.556 196.142 195.728 195.314 194.899 194.485 194.071 193.657 193.243 192.828 192.414 500 192.414 192.828 193.243 193.657 194.071 194.485 194.899 195.314 195.728 196.142 196.556 196.971 197.385 197.799 198.213 198.627 199.042 199.456 199.87 200.284 200.698 201.113 201.527 201.941 202.355 202.77 203.184 203.598 204.012 204.426 204.841 205.255 205.669 206.083 206.497 206.912 207.326 207.74 208.154 208.569 208.983 209.397 209.811 210.225 210.64 211.054 211.468 211.882 212.296 
0 283.115 282.115 281.115 280.115 279.115 278.115 277.115 276.115 275.115 274.115 273.115 272.115 271.115 270.701 270.286 269.872 269.458 269.044 268.63 268.215 267.801 267.387 266.973 266.558 266.144 265.73 265.316 264.902 264.487 264.073 263.659 263.245 262.831 262.416 262.002 261.588 261.174 260.759 260.345 259.931 259.517 259.103 258.688 258.274 257.86 257.446 257.032 256.617 256.203 255.789 255.375 254.96 254.546 254.132 253.718 253.304 252.889 252.475 252.061 251.647 251.233 250.818 250.404 249.99 249.576 249.161 248.747 248.333 247.919 247.505 247.09 246.676 246.262 245.848 245.434 245.019 244.605 244.191 243.777 243.362 242.948 242.534 242.12 241.706 241.291 240.877 240.463 240.049 239.635 239.22 238.806 238.392 237.978 237.563 237.149 236.735 236.321 235.907 235.492 235.078 234.664 234.25 233.836 233.421 233.007 232.593 232.179 231.765 231.35 230.936 230.522 230.108 229.693 229.279 228.865 228.451 228.037 227.622 227.208 226.794 226.38 225.966 225.551 225.137 224.723 224.309 223.894 223.48 223.066 222.652 222.238 221.823 221.409 220.995 220.581 220.167 219.752 219.338 218.924 218.51 218.095 217.681 217.267 216.853 216.439 216.024 215.61 215.196 214.782 214.368 213.953 213.539 213.125 212.125 211.711 211.296 210.882 210.468 210.054 209.64 209.225 208.811 208.397 207.983 207.569 207.154 206.74 206.326 205.912 205.497 205.083 204.669 204.255 203.841 203.426 203.012 202.598 202.184 201.77 201.355 200.941 200.527 200.113 199.698 199.284 198.87 198.456 198.042 197.627 197.213 196.799 196.385 195.971 195.556 195.142 194.728 194.314 193.899 193.485 193.071 192.657 192.243 191.828 191.414 500 191.414 191.828 192.243 192.657 193.071 193.485 193.899 194.314 194.728 195.142 195.556 195.971 196.385 196.799 197.213 197.627 198.042 198.456 198.87 199.284 199.698 200.113 200.527 200.941 201.355 201.77 202.184 202.598 203.012 203.426 203.841 204.255 204.669 205.083 205.497 205.912 206.326 206.74 207.154 207.569 207.983 208.397 208.811 209.225 209.64 210.054 210.468 210.882 211.296 
0 282.701 281.701 280.701 279.701 278.701 277.701 276.701 275.701 274.701 273.701 272.701 271.701 270.701 269.701 269.286 268.872 268.458 268.044 267.63 267.215 266.801 266.387 265.973 265.558 265.144 264.73 264.316 263.902 263.487 263.073 262.659 262.245 261.831 261.416 261.002 260.588 260.174 259.759 259.345 258.931 258.517 258.103 257.688 257.274 256.86 256.446 256.032 255.617 255.203 254.789 254.375 253.96 253.546 253.132 252.718 252.304 251.889 251.475 251.061 250.647 250.233 249.818 249.404 248.99 248.576 248.161 247.747 247.333 246.919 246.505 246.09 245.676 245.262 244.848 244.434 244.019 243.605 243.191 242.777 242.362 241.948 241.534 241.12 240.706 240.291 239.877 239.463 239.049 238.635 238.22 237.806 237.392 236.978 236.563 236.149 235.735 235.321 234.907 234.492 234.078 233.664 233.25 232.836 232.421 232.007 231.593 231.179 230.765 230.35 229.936 229.522 229.108 228.693 228.279 227.865 227.451 227.037 226.622 226.208 225.794 225.38 224.966 224.551 224.137 223.723 223.309 222.894 222.48 222.066 221.652 221.238 220.823 220.409 219.995 219.581 219.167 218.752 218.338 217.924 217.51 217.095 216.681 216.267 215.853 215.439 215.024 214.61 214.196 213.782 213.368 212.953 212.539 212.125 211.125 210.711 210.296 209.882 209.468 209.054 208.64 208.225 207.811 207.397 206.983 206.569 206.154 205.74 205.326 204.912 204.497 204.083 203.669 203.255 202.841 202.426 202.012 201.598 201.184 200.77 200.355 199.941 199.527 199.113 198.698 198.284 197.87 197.456 197.042 196.627 196.213 195.799 195.385 194.971 194.556 194.142 193.728 193.314 192.899 192.485 192.071 191.657 191.243 190.828 190.414 500 190.414 190.828 191.243 191.657 192.071 192.485 192.899 193.314 193.728 194.142 194.556 194.971 195.385 195.799 196.213 196.627 197.042 197.456 197.87 198.284 198.698 199.113 199.527 199.941 200.355 200.77 201.184 201.598 202.012 202.426 202.841 203.255 203.669 204.083 204.497 204.912 205.326 205.74 206.154 206.569 206.983 207.397 207.811 208.225 208.64 209.054 209.468 209.882 210.296 
0 282.286 281.286 280.286 279.286 278.286 277.286 276.286 275.286 274.286 273.286 272.286 271.286 270.286 269.286 268.286 267.872 267.458 267.044 266.63 266.215 265.801 265.387 264.973 264.558 264.144 263.73 263.316 262.902 262.487 262.073 261.659 261.245 260.831 260.416 260.002 259.588 259.174 258.759 258.345 257.931 257.517 257.103 256.688 256.274 255.86 255.446 255.032 254.617 254.203 253.789 253.375 252.96 252.546 252.132 251.718 251.304 250.889 250.475 250.061 249.647 249.233 248.818 248.404 247.99 247.576 247.161 246.747 246.333 245.919 245.505 245.09 244.676 244.262 243.848 243.434 243.019 242.605 242.191 241.777 241.362 240.948 240.534 240.12 239.706 239.291 238.877 238.463 238.049 237.635 237.22 236.806 236.392 235.978 235.563 235.149 234.735 234.321 233.907 233.492 233.078 232.664 232.25 231.836 231.421 231.007 230.593 230.179 229.765 229.35 228.936 228.522 228.108 227.693 227.279 226.865 226.451 226.037 225.622 225.208 224.794 224.38 223.966 223.551 223.137 222.723 222.309 221.894 221.48 221.066 220.652 220.238 219.823 219.409 218.995 218.581 218.167 217.752 217.338 216.924 216.51 216.095 215.681 215.267 214.853 214.439 214.024 213.61 213.196 212.782 212.368 211.953 211.539 211.125 210.125 209.711 209.296 208.882 208.468 208.054 207.64 207.225 206.811 206.397 205.983 205.569 205.154 204.74 204.326 203.912 203.497 203.083 202.669 202.255 201.841 201.426 201.012 200.598 200.184 199.77 199.355 198.941 198.527 198.113 197.698 197.284 196.87 196.456 196.042 195.627 195.213 194.799 194.385 193.971 193.556 193.142 192.728 192.314 191.899 191.485 191.071 190.657 190.243 189.828 189.414 500 189.414 189.828 190.243 190.657 191.071 191.485 191.899 192.314 192.728 193.142 193.556 193.971 194.385 194.799 195.213 195.627 196.042 196.456 196.87 197.284 197.698 198.113 198.527 198.941 199.355 199.77 200.184 200.598 201.012 201.426 201.841 202.255 202.669 203.083 203.497 203.912 204.326 204.74 205.154 205.569 205.983 206.397 206.811 207.225 207.64 208.054 208.468 208.882 209.296 
0 281.872 280.872 279.872 278.872 277.872 276.872 275.872 274.872 273.872 272.872 271.872 270.872 269.872 268.872 267.872 266.872 266.458 266.044 265.63 265.215 264.801 264.387 263.973 263.558 263.144 262.73 262.316 261.902 261.487 261.073 260.659 260.245 259.831 259.416 259.002 258.588 258.174 257.759 257.345 256.931 256.517 256.103 255.688 255.274 254.86 254.446 254.032 253.617 253.203 252.789 252.375 251.96 251.546 251.132 250.718 250.304 249.889 249.475 249.061 248.647 248.233 247.818 247.404 246.99 246.576 246.161 245.747 245.333 244.919 244.505 244.09 243.676 243.262 242.848 242.434 242.019 241.605 241.191 240.777 240.362 239.948 239.534 239.12 238.706 238.291 237.877 237.463 237.049 236.635 236.22 235.806 235.392 234.978 234.563 234.149 233.735 233.321 232.907 232.492 232.078 231.664 231.25 230.836 230.421 230.007 229.593 229.179 228.765 228.35 227.936 227.522 227.108 226.693 226.279 225.865 225.451 225.037 224.622 224.208 223.794 223.38 222.966 222.551 222.137 221.723 221.309 220.894 220.48 220.066 219.652 219.238 218.823 218.409 217.995 217.581 217.167 216.752 216.338 215.924 215.51 215.095 214.681 214.267 213.853 213.439 213.024 212.61 212.196 211.782 211.368 210.953 210.539 210.125 209.125 208.711 208.296 207.882 207.468 207.054 206.64 206.225 205.811 205.397 204.983 204.569 204.154 203.74 203.326 202.912 202.497 202.083 201.669 201.255 200.841 200.426 200.012 199.598 199.184 198.77 198.355 197.941 197.527 197.113 196.698 196.284 195.87 195.456 195.042 194.627 194.213 193.799 193.385 192.971 192.556 192.142 191.728 191.314 190.899 190.485 190.071 189.657 189.243 188.828 188.414 500 188.414 188.828 189.243 189.657 190.071 190.485 190.899 191.314 191.728 192.142 192.556 192.971 193.385 193.799 194.213 194.627 195.042 195.456 195.87 196.284 196.698 197.113 197.527 197.941 198.355 198.77 199.184 199.598 200.012 200.426 200.841 201.255 201.669 202.083 202.497 202.912 203.326 203.74 204.154 204.569 204.983 205.397 205.811 206.225 206.64 207.054 207.468 207.882 208.296 
0 281.458 280.458 279.458 278.458 277.458 276.458 275.458 274.458 273.458 272.458 271.458 270.458 269.458 268.458 267.458 266.458 265.458 265.044 264.63 264.215 263.801 263.387 262.973 262.558 262.144 261.73 261.316 260.902 260.487 260.073 259.659 259.245 258.831 258.416 258.002 257.588 257.174 256.759 256.345 255.931 255.517 255.103 254.688 254.274 253.86 253.446 253.032 252.617 252.203 251.789 251.375 250.96 250.546 250.132 249.718 249.304 248.889 248.475 248.061 247.647 247.233 246.818 246.404 245.99 245.576 245.161 244.747 244.333 243.919 243.505 243.09 242.676 242.262 241.848 241.434 241.019 240.605 240.191 239.777 239.362 238.948 238.534 238.12 237.706 237.291 236.877 236.463 236.049 235.635 235.22 234.806 234.392 233.978 233.563 233.149 232.735 232.321 231.907 231.492 231.078 230.664 230.25 229.836 229.421 229.007 228.593 228.179 227.765 227.35 226.936 226.522 226.108 225.693 225.279 224.865 224.451 224.037 223.622 223.208 222.794 222.38 221.966 221.551 221.137 220.723 220.309 219.894 219.48 219.066 218.652 218.238 217.823 217.409 216.995 216.581 216.167 215.752 215.338 214.924 214.51 214.095 213.681 213.267 212.853 212.439 212.024 211.61 211.196 210.782 210.368 209.953 209.539 209.125 208.125 207.711 207.296 206.882 206.468 206.054 205.64 205.225 204.811 204.397 203.983 203.569 203.154 202.74 202.326 201.912 201.497 201.083 200.669 200.255 199.841 199.426 199.012 198.598 198.184 197.77 197.355 196.941 196.527 196.113 195.698 195.284 194.87 194.456 194.042 193.627 193.213 192.799 192.385 191.971 191.556 191.142 190.728 190.314 189.899 189.485 189.071 188.657 188.243 187.828 187.414 500 187.414 187.828 188.243 188.657 189.071 189.485 189.899 190.314 190.728 191.142 191.556 191.971 192.385 192.799 193.213 193.627 194.042 194.456 194.87 195.284 195.698 196.113 196.527 196.941 197.355 197.77 198.184 198.598 199.012 199.426 199.841 200.255 200.669 201.083 201.497 201.912 202.326 202.74 203.154 203.569 203.983 204.397 204.811 205.225 205.64 206.054 206.468 206.882 207.296 
0 281.044 280.044 279.044 278.044 277.044 276.044 275.044 274.044 273.044 272.044 271.044 270.044 269.044 268.044 267.044 266.044 265.044 264.044 263.63 263.215 262.801 262.387 261.973 261.558 261.144 260.73 260.316 259.902 259.487 259.073 258.659 258.245 257.831 257.416 257.002 256.588 256.174 255.759 255.345 254.931 254.517 254.103 253.688 253.274 252.86 252.446 252.032 251.617 251.203 250.789 250.375 249.96 249.546 249.132 248.718 248.304 247.889 247.475 247.061 246.647 246.233 245.818 245.404 244.99 244.576 244.161 243.747 243.333 242.919 242.505 242.09 241.676 241.262 240.848 240.434 240.019 239.605 239.191 238.777 238.362 237.948 237.534 237.12 236.706 236.291 235.877 235.463 235.049 234.635 234.22 233.806 233.392 232.978 232.563 232.149 231.735 231.321 230.907 230.492 230.078 229.664 229.25 228.836 228.421 228.007 227.593 227.179 226.765 226.35 225.936 225.522 225.108 224.693 224.279 223.865 223.451 223.037 222.622 222.208 221.794 221.38 220.966 220.551 220.137 219.723 219.309 218.894 218.48 218.066 217.652 217.238 216.823 216.409 215.995 215.581 215.167 214.752 214.338 213.924 213.51 213.095 212.681 212.267 211.853 211.439 211.024 210.61 210.196 209.782 209.368 208.953 208.539 208.125 207.125 206.711 206.296 205.882 205.468 205.054 204.64 204.225 203.811 203.397 202.983 202.569 202.154 201.74 201.326 200.912 200.497 200.083 199.669 199.255 198.841 198.426 198.012 197.598 197.184 196.77 196.355 195.941 195.527 195.113 194.698 194.284 193.87 193.456 193.042 192.627 192.213 191.799 191.385 190.971 190.556 190.142 189.728 189.314 188.899 188.485 188.071 187.657 187.243 186.828 186.414 500 186.414 186.828 187.243 187.657 188.071 188.485 188.899 189.314 189.728 190.142 190.556 190.971 191.385 191.799 192.213 192.627 193.042 193.456 193.87 194.284 194.698 195.113 195.527 195.941 196.355 196.77 197.184 197.598 198.012 198.426 198.841 199.255 199.669 200.083 200.497 200.912 201.326 201.74 202.154 202.569 202.983 203.397 203.811 204.225 204.64 205.054 205.468 205.882 206.296 
0 280.63 279.63 278.63 277.63 276.63 275.63 274.63 273.63 272.63 271.63 270.63 269.63 268.63 267.63 266.63 265.63 264.63 263.63 262.63 262.215 261.801 261.387 260.973 260.558 260.144 259.73 259.316 258.902 258.487 258.073 257.659 257.245 256.831 256.416 256.002 255.588 255.174 254.759 254.345 253.931 253.517 253.103 252.688 252.274 251.86 251.446 251.032 250.617 250.203 249.789 249.375 248.96 248.546 248.132 247.718 247.304 246.889 246.475 246.061 245.647 245.233 244.818 244.404 243.99 243.576 243.161 242.747 242.333 241.919 241.505 241.09 240.676 240.262 239.848 239.434 239.019 238.605 238.191 237.777 237.362 236.948 236.534 236.12 235.706 235.291 234.877 234.463 234.049 233.635 233.22 232.806 232.392 231.978 231.563 231.149 230.735 230.321 229.907 229.492 229.078 228.664 228.25 227.836 227.421 227.007 226.593 226.179 225.765 225.35 224.936 224.522 224.108 223.693 223.279 222.865 222.451 222.037 221.622 221.208 220.794 220.38 219.966 219.551 219.137 218.723 218.309 217.894 217.48 217.066 216.652 216.238 215.823 215.409 214.995 214.581 214.167 213.752 213.338 212.924 212.51 212.095 211.681 211.267 210.853 210.439 210.024 209.61 209.196 208.782 208.368 207.953 207.539 207.125 206.125 205.711 205.296 204.882 204.468 204.054 203.64 203.225 202.811 202.397 201.983 201.569 201.154 200.74 200.326 199.912 199.497 199.083 198.669 198.255 197.841 197.426 197.012 196.598 196.184 195.77 195.355 194.941 194.527 194.113 193.698 193.284 192.87 192.456 192.042 191.627 191.213 190.799 190.385 189.971 189.556 189.142 188.728 188.314 187.899 187.485 187.071 186.657 186.243 185.828 185.414 500 185.414 185.828 186.243 186.657 187.071 187.485 187.899 188.314 188.728 189.142 189.556 189.971 190.385 190.799 191.213 191.627 192.042 192.456 192.87 193.284 193.698 194.113 194.527 194.941 195.355 195.77 196.184 196.598 197.012 197.426 197.841 198.255 198.669 199.083 199.497 199.912 200.326 200.74 201.154 201.569 201.983 202.397 202.811 203.225 203.64 204.054 204.468 204.882 205.296 
0 280.215 279.215 278.215 277.215 276.215 275.215 274.215 273.215 272.215 271.215 270.215 269.215 268.215 267.215 266.215 265.215 264.215 263.215 262.215 261.215 260.801 260.387 259.973 259.558 259.144 258.73 258.316 257.902 257.487 257.073 256.659 256.245 255.831 255.416 255.002 254.588 254.174 253.759 253.345 252.931 252.517 252.103 251.688 251.274 250.86 250.446 250.032 249.617 249.203 248.789 248.375 247.96 247.546 247.132 246.718 246.304 245.889 245.475 245.061 244.647 244.233 243.818 243.404 242.99 242.576 242.161 241.747 241.333 240.919 240.505 240.09 239.676 239.262 238.848 238.434 238.019 237.605 237.191 236.777 236.362 235.948 235.534 235.12 234.706 234.291 233.877 233.463 233.049 232.635 232.22 231.806 231.392 230.978 230.563 230.149 229.735 229.321 228.907 228.492 228.078 227.664 227.25 226.836 226.421 226.007 225.593 225.179 224.765 224.35 223.936 223.522 223.108 222.693 222.279 221.865 221.451 221.037 220.622 220.208 219.794 219.38 218.966 218.551 218.137 217.723 217.309 216.894 216.48 216.066 215.652 215.238 214.823 214.409 213.995 213.581 213.167 212.752 212.338 211.924 211.51 211.095 210.681 210.267 209.853 209.439 209.024 208.61 208.196 207.782 207.368 206.953 206.539 206.125 205.125 204.711 204.296 203.882 203.468 203.054 202.64 202.225 201.811 201.397 200.983 200.569 200.154 199.74 199.326 198.912 198.497 198.083 197.669 197.255 196.841 196.426 196.012 195.598 195.184 194.77 194.355 193.941 193.527 193.113 192.698 192.284 191.87 191.456 191.042 190.627 190.213 189.799 189.385 188.971 188.556 188.142 187.728 187.314 186.899 186.485 186.071 185.657 185.243 184.828 184.414 500 184.414 184.828 185.243 185.657 186.071 186.485 186.899 187.314 187.728 188.142 188.556 188.971 189.385 189.799 190.213 190.627 191.042 191.456 191.87 192.284 192.698 193.113 193.527 193.941 194.355 194.77 195.184 195.598 196.012 196.426 196.841 197.255 197.669 198.083 198.497 198.912 199.326 199.74 200.154 200.569 200.983 201.397 201.811 202.225 202.64 203.054 203.468 203.882 204.296 
0 279.801 278.801 277.801 276.801 275.801 274.801 273.801 272.801 271.801 270.801 269.801 268.801 267.801 266.801 265.801 264.801 263.801 262.801 261.801 260.801 259.801 259.387 258.973 258.558 258.144 257.73 257.316 256.902 256.487 256.073 255.659 255.245 254.831 254.416 254.002 253.588 253.174 252.759 252.345 251.931 251.517 251.103 250.688 250.274 249.86 249.446 249.032 248.617 248.203 247.789 247.375 246.96 246.546 246.132 245.718 245.304 244.889 244.475 244.061 243.647 243.233 242.818 242.404 241.99 241.576 241.161 240.747 240.333 239.919 239.505 239.09 238.676 238.262 237.848 237.434 237.019 236.605 236.191 235.777 235.362 234.948 234.534 234.12 233.706 233.291 232.877 232.463 232.049 231.635 231.22 230.806 230.392 229.978 229.563 229.149 228.735 228.321 227.907 227.492 227.078 226.664 226.25 225.836 225.421 225.007 224.593 224.179 223.765 223.35 222.936 222.522 222.108 221.693 221.279 220.865 220.451 220.037 219.622 219.208 218.794 218.38 217.966 217.551 217.137 216.723 216.309 215.894 215.48 215.066 214.652 214.238 213.823 213.409 212.995 212.581 212.167 211.752 211.338 210.924 210.51 210.095 209.681 209.267 208.853 208.439 208.024 207.61 207.196 206.782 206.368 205.953 205.539 205.125 204.125 203.711 203.296 202.882 202.468 202.054 201.64 201.225 200.811 200.397 199.983 199.569 199.154 198.74 198.326 197.912 197.497 197.083 196.669 196.255 195.841 195.426 195.012 194.598 194.184 193.77 193.355 192.941 192.527 192.113 191.698 191.284 190.87 190.456 190.042 189.627 189.213 188.799 188.385 187.971 187.556 187.142 186.728 186.314 185.899 185.485 185.071 184.657 184.243 183.828 183.414 500 183.414 183.828 184.243 184.657 185.071 185.485 185.899 186.314 186.728 187.142 187.556 187.971 188.385 188.799 189.213 189.627 190.042 190.456 190.87 191.284 191.698 192.113 192.527 192.941 193.355 193.77 194.184 194.598 195.012 195.426 195.841 196.255 196.669 197.083 197.497 197.912 198.326 198.74 199.154 199.569 199.983 200.397 200.811 201.225 201.64 202.054 202.468 202.882 203.296 
0 279.387 278.387 277.387 276.387 275.387 274.387 273.387 272.387 271.387 270.387 269.387 268.387 267.387 266.387 265.387 264.387 263.387 262.387 261.387 260.387 259.387 258.387 257.973 257.558 257.144 256.73 256.316 255.902 255.487 255.073 254.659 254.245 253.831 253.416 253.002 252.588 252.174 251.759 251.345 250.931 250.517 250.103 249.688 249.274 248.86 248.446 248.032 247.617 247.203 246.789 246.375 245.96 245.546 245.132 244.718 244.304 243.889 243.475 243.061 242.647 242.233 241.818 241.404 240.99 240.576 240.161 239.747 239.333 238.919 238.505 238.09 237.676 237.262 236.848 236.434 236.019 235.605 235.191 234.777 234.362 233.948 233.534 233.12 232.706 232.291 231.877 231.463 231.049 230.635 230.22 229.806 229.392 228.978 228.563 228.149 227.735 227.321 226.907 226.492 226.078 225.664 225.25 224.836 224.421 224.007 223.593 223.179 222.765 222.35 221.936 221.522 221.108 220.693 220.279 219.865 219.451 219.037 218.622 218.208 217.794 217.38 216.966 216.551 216.137 215.723 215.309 214.894 214.48 214.066 213.652 213.238 212.823 212.409 211.995 211.581 211.167 210.752 210.338 209.924 209.51 209.095 208.681 208.267 207.853 207.439 207.024 206.61 206.196 205.782 205.368 204.953 204.539 204.125 203.125 202.711 202.296 201.882 201.468 201.054 200.64 200.225 199.811 199.397 198.983 198.569 198.154 197.74 197.326 196.912 196.497 196.083 195.669 195.255 194.841 194.426 194.012 193.598 193.184 192.77 192.355 191.941 191.527 191.113 190.698 190.284 189.87 189.456 189.042 188.627 188.213 187.799 187.385 186.971 186.556 186.142 185.728 185.314 184.899 184.485 184.071 183.657 183.243 182.828 182.414 500 182.414 182.828 183.243 183.657 184.071 184.485 184.899 185.314 185.728 186.142 186.556 186.971 187.385 187.799 188.213 188.627 189.042 189.456 189.87 190.284 190.698 191.113 191.527 191.941 192.355 192.77 193.184 193.598 194.012 194.426 194.841 195.255 195.669 196.083 196.497 196.912 197.326 197.74 198.154 198.569 198.983 199.397 199.811 200.225 200.64 201.054 201.468 201.882 202.296 
0 278.973 277.973 276.973 275.973 274.973 273.973 272.973 271.973 270.973 269.973 268.973 267.973 266.973 265.973 264.973 263.973 262.973 261.973 260.973 259.973 258.973 257.973 256.973 256.558 256.144 255.73 255.316 254.902 254.487 254.073 253.659 253.245 252.831 252.416 252.002 251.588 251.174 250.759 250.345 249.931 249.517 249.103 248.688 248.274 247.86 247.446 247.032 246.617 246.203 245.789 245.375 244.96 244.546 244.132 243.718 243.304 242.889 242.475 242.061 241.647 241.233 240.818 240.404 239.99 239.576 239.161 238.747 238.333 237.919 237.505 237.09 236.676 236.262 235.848 235.434 235.019 234.605 234.191 233.777 233.362 232.948 232.534 232.12 231.706 231.291 230.877 230.463 230.049 229.635 229.22 228.806 228.392 227.978 227.563 227.149 226.735 226.321 225.907 225.492 225.078 224.664 224.25 223.836 223.421 223.007 222.593 222.179 221.765 221.35 220.936 220.522 220.108 219.693 219.279 218.865 218.451 218.037 217.622 217.208 216.794 216.38 215.966 215.551 215.137 214.723 214.309 213.894 213.48 213.066 212.652 212.238 211.823 211.409 210.995 210.581 210.167 209.752 209.338 208.924 208.51 208.095 207.681 207.267 206.853 206.439 206.024 205.61 205.196 204.782 204.368 203.953 203.539 203.125 202.125 201.711 201.296 200.882 200.468 200.054 199.64 199.225 198.811 198.397 197.983 197.569 197.154 196.74 196.326 195.912 195.497 195.083 194.669 194.255 193.841 193.426 193.012 192.598 192.184 191.77 191.355 190.941 190.527 190.113 189.698 189.284 188.87 188.456 188.042 187.627 187.213 186.799 186.385 185.971 185.556 185.142 184.728 184.314 183.899 183.485 183.071 182.657 182.243 181.828 181.414 500 181.414 181.828 182.243 182.657 183.071 183.485 183.899 184.314 184.728 185.142 185.556 185.971 186.385 186.799 187.213 187.627 188.042 188.456 188.87 189.284 189.698 190.113 190.527 190.941 191.355 191.77 192.184 192.598 193.012 193.426 193.841 194.255 194.669 195.083 195.497 195.912 196.326 196.74 197.154 197.569 197.983 198.397 198.811 199.225 199.64 200.054 200.468 200.882 201.296 
0 278.558 277.558 276.558 275.558 274.558 273.558 272.558 271.558 270.558 269.558 268.558 267.558 266.558 265.558 264.558 263.558 262.558 261.558 260.558 259.558 258.558 257.558 256.558 255.558 255.144 254.73 254.316 253.902 253.487 253.073 252.659 252.245 251.831 251.416 251.002 250.588 250.174 249.759 249.345 248.931 248.517 248.103 247.688 247.274 246.86 246.446 246.032 245.617 245.203 244.789 244.375 243.96 243.546 243.132 242.718 242.304 241.889 241.475 241.061 240.647 240.233 239.818 239.404 238.99 238.576 238.161 237.747 237.333 236.919 236.505 236.09 235.676 235.262 234.848 234.434 234.019 233.605 233.191 232.777 232.362 231.948 231.534 231.12 230.706 230.291 229.877 229.463 229.049 228.635 228.22 227.806 227.392 226.978 226.563 226.149 225.735 225.321 224.907 224.492 224.078 223.664 223.25 222.836 222.421 222.007 221.593 221.179 220.765 220.35 219.936 219.522 219.108 218.693 218.279 217.865 217.451 217.037 216.622 216.208 215.794 215.38 214.966 214.551 214.137 213.723 213.309 212.894 212.48 212.066 211.652 211.238 210.823 210.409 209.995 209.581 209.167 208.752 208.338 207.924 207.51 207.095 206.681 206.267 205.853 205.439 205.024 204.61 204.196 203.782 203.368 202.953 202.539 202.125 201.125 200.711 200.296 199.882 199.468 199.054 198.64 198.225 197.811 197.397 196.983 196.569 196.154 195.74 195.326 194.912 194.497 194.083 193.669 193.255 192.841 192.426 192.012 191.598 191.184 190.77 190.355 189.941 189.527 189.113 188.698 188.284 187.87 187.456 187.042 186.627 186.213 185.799 185.385 184.971 184.556 184.142 183.728 183.314 182.899 182.485 182.071 181.657 181.243 180.828 180.414 500 180.414 180.828 181.243 181.657 182.071 182.485 182.899 183.314 183.728 184.142 184.556 184.971 185.385 185.799 186.213 186.627 187.042 187.456 187.87 188.284 188.698 189.113 189.527 189.941 190.355 190.77 191.184 191.598 192.012 192.426 192.841 193.255 193.669 194.083 194.497 194.912 195.326 195.74 196.154 196.569 196.983 197.397 197.811 198.225 198.64 199.054 199.468 199.882 200.296 
0 278.144 277.144 276.144 275.144 274.144 273.144 272.144 271.144 270.144 269.144 268.144 267.144 266.144 265.144 264.144 263.144 262.144 261.144 260.144 259.144 258.144 257.144 256.144 255.144 254.144 253.73 253.316 252.902 252.487 252.073 251.659 251.245 250.831 250.416 250.002 249.588 249.174 248.759 248.345 247.931 247.517 247.103 246.688 246.274 245.86 245.446 245.032 244.617 244.203 243.789 243.375 242.96 242.546 242.132 241.718 241.304 240.889 240.475 240.061 239.647 239.233 238.818 238.404 237.99 237.576 237.161 236.747 236.333 235.919 235.505 235.09 234.676 234.262 233.848 233.434 233.019 232.605 232.191 231.777 231.362 230.948 230.534 230.12 229.706 229.291 228.877 228.463 228.049 227.635 227.22 226.806 226.392 225.978 225.563 225.149 224.735 224.321 223.907 223.492 223.078 222.664 222.25 221.836 221.421 221.007 220.593 220.179 219.765 219.35 218.936 218.522 218.108 217.693 217.279 216.865 216.451 216.037 215.622 215.208 214.794 214.38 213.966 213.551 213.137 212.723 212.309 211.894 211.48 211.066 210.652 210.238 209.823 209.409 208.995 208.581 208.167 207.752 207.338 206.924 206.51 206.095 205.681 205.267 204.853 204.439 204.024 203.61 203.196 202.782 202.368 201.953 201.539 201.125 200.125 199.711 199.296 198.882 198.468 198.054 197.64 197.225 196.811 196.397 195.983 195.569 195.154 194.74 194.326 193.912 193.497 193.083 192.669 192.255 191.841 191.426 191.012 190.598 190.184 189.77 189.355 188.941 188.527 188.113 187.698 187.284 186.87 186.456 186.042 185.627 185.213 184.799 184.385 183.971 183.556 183.142 182.728 182.314 181.899 181.485 181.071 180.657 180.243 179.828 179.414 500 179.414 179.828 180.243 180.657 181.071 181.485 181.899 182.314 182.728 183.142 183.556 183.971 184.385 184.799 185.213 185.627 186.042 186.456 186.87 187.284 187.698 188.113 188.527 188.941 189.355 189.77 190.184 190.598 191.012 191.426 191.841 192.255 192.669 193.083 193.497 193.912 194.326 194.74 195.154 195.569 195.983 196.397 196.811 197.225 197.64 198.054 198.468 198.882 199.296 
